-5.0e2 -5.0e2 4.78554e3 4.78554e3
-4.5e2 -5.0e2 4.30748e3 4.30748e3
-4.0e2 -5.0e2 3.82944e3 3.82944e3
-3.5e2 -5.0e2 3.35138e3 3.35138e3
-3.0e2 -5.0e2 2.87332e3 2.87332e3
-2.5e2 -5.0e2 2.39526e3 2.39526e3
-2.0e2 -5.0e2 1.9172e3 1.9172e3
-1.5e2 -5.0e2 1.43916e3 1.43916e3
-1.0e2 -5.0e2 9.61108e2 9.61108e2
-5.0e1 -5.0e2 4.83054e2 4.83054e2
0.0e0 -5.0e2 5.0e0 5.0e0
5.0e1 -5.0e2 -4.73055e2 -4.73055e2
1.0e2 -5.0e2 -9.5111e2 -9.5111e2
1.5e2 -5.0e2 -1.42915e3 -1.42915e3
2.0e2 -5.0e2 -1.90721e3 -1.90721e3
2.5e2 -5.0e2 -2.38527e3 -2.38527e3
3.0e2 -5.0e2 -2.86333e3 -2.86333e3
3.5e2 -5.0e2 -3.34137e3 -3.34137e3
4.0e2 -5.0e2 -3.81943e3 -3.81943e3
4.5e2 -5.0e2 -4.29749e3 -4.29749e3
5.0e2 -5.0e2 -4.77554e3 -4.77554e3

-5.0e2 -4.5e2 4.30998e3 4.30998e3
-4.5e2 -4.5e2 3.87973e3 3.87973e3
-4.0e2 -4.5e2 3.4495e3 3.4495e3
-3.5e2 -4.5e2 3.01924e3 3.01924e3
-3.0e2 -4.5e2 2.58899e3 2.58899e3
-2.5e2 -4.5e2 2.15874e3 2.15874e3
-2.0e2 -4.5e2 1.72849e3 1.72849e3
-1.5e2 -4.5e2 1.29825e3 1.29825e3
-1.0e2 -4.5e2 8.67998e2 8.67998e2
-5.0e1 -4.5e2 4.37749e2 4.37749e2
0.0e0 -4.5e2 7.5e0 7.5e0
5.0e1 -4.5e2 -4.2275e2 -4.2275e2
1.0e2 -4.5e2 -8.52998e2 -8.52998e2
1.5e2 -4.5e2 -1.28323e3 -1.28323e3
2.0e2 -4.5e2 -1.71349e3 -1.71349e3
2.5e2 -4.5e2 -2.14374e3 -2.14374e3
3.0e2 -4.5e2 -2.57399e3 -2.57399e3
3.5e2 -4.5e2 -3.00424e3 -3.00424e3
4.0e2 -4.5e2 -3.4345e3 -3.4345e3
4.5e2 -4.5e2 -3.86473e3 -3.86473e3
5.0e2 -4.5e2 -4.29498e3 -4.29498e3

-5.0e2 -4.0e2 3.83443e3 3.83443e3
-4.5e2 -4.0e2 3.45198e3 3.45198e3
-4.0e2 -4.0e2 3.06955e3 3.06955e3
-3.5e2 -4.0e2 2.6871e3 2.6871e3
-3.0e2 -4.0e2 2.30466e3 2.30466e3
-2.5e2 -4.0e2 1.92221e3 1.92221e3
-2.0e2 -4.0e2 1.53976e3 1.53976e3
-1.5e2 -4.0e2 1.15732e3 1.15732e3
-1.0e2 -4.0e2 7.74887e2 7.74887e2
-5.0e1 -4.0e2 3.92444e2 3.92444e2
0.0e0 -4.0e2 1.0e1 1.0e1
5.0e1 -4.0e2 -3.72443e2 -3.72443e2
1.0e2 -4.0e2 -7.54887e2 -7.54887e2
1.5e2 -4.0e2 -1.13733e3 -1.13733e3
2.0e2 -4.0e2 -1.51978e3 -1.51978e3
2.5e2 -4.0e2 -1.9022e3 -1.9022e3
3.0e2 -4.0e2 -2.28465e3 -2.28465e3
3.5e2 -4.0e2 -2.6671e3 -2.6671e3
4.0e2 -4.0e2 -3.04955e3 -3.04955e3
4.5e2 -4.0e2 -3.43199e3 -3.43199e3
5.0e2 -4.0e2 -3.81444e3 -3.81444e3

-5.0e2 -3.5e2 3.35887e3 3.35887e3
-4.5e2 -3.5e2 3.02423e3 3.02423e3
-4.0e2 -3.5e2 2.6896e3 2.6896e3
-3.5e2 -3.5e2 2.35497e3 2.35497e3
-3.0e2 -3.5e2 2.02032e3 2.02032e3
-2.5e2 -3.5e2 1.68568e3 1.68568e3
-2.0e2 -3.5e2 1.35104e3 1.35104e3
-1.5e2 -3.5e2 1.0164e3 1.0164e3
-1.0e2 -3.5e2 6.81776e2 6.81776e2
-5.0e1 -3.5e2 3.47137e2 3.47137e2
0.0e0 -3.5e2 1.25e1 1.25e1
5.0e1 -3.5e2 -3.22137e2 -3.22137e2
1.0e2 -3.5e2 -6.56776e2 -6.56776e2
1.5e2 -3.5e2 -9.91414e2 -9.91414e2
2.0e2 -3.5e2 -1.32605e3 -1.32605e3
2.5e2 -3.5e2 -1.66069e3 -1.66069e3
3.0e2 -3.5e2 -1.99533e3 -1.99533e3
3.5e2 -3.5e2 -2.32996e3 -2.32996e3
4.0e2 -3.5e2 -2.6646e3 -2.6646e3
4.5e2 -3.5e2 -2.99924e3 -2.99924e3
5.0e2 -3.5e2 -3.33388e3 -3.33388e3

-5.0e2 -3.0e2 2.88332e3 2.88332e3
-4.5e2 -3.0e2 2.5965e3 2.5965e3
-4.0e2 -3.0e2 2.30966e3 2.30966e3
-3.5e2 -3.0e2 2.02283e3 2.02283e3
-3.0e2 -3.0e2 1.736e3 1.736e3
-2.5e2 -3.0e2 1.44916e3 1.44916e3
-2.0e2 -3.0e2 1.16232e3 1.16232e3
-1.5e2 -3.0e2 8.75497e2 8.75497e2
-1.0e2 -3.0e2 5.88666e2 5.88666e2
-5.0e1 -3.0e2 3.01833e2 3.01833e2
0.0e0 -3.0e2 1.5e1 1.5e1
5.0e1 -3.0e2 -2.71832e2 -2.71832e2
1.0e2 -3.0e2 -5.58665e2 -5.58665e2
1.5e2 -3.0e2 -8.45499e2 -8.45499e2
2.0e2 -3.0e2 -1.13232e3 -1.13232e3
2.5e2 -3.0e2 -1.41916e3 -1.41916e3
3.0e2 -3.0e2 -1.706e3 -1.706e3
3.5e2 -3.0e2 -1.99283e3 -1.99283e3
4.0e2 -3.0e2 -2.27966e3 -2.27966e3
4.5e2 -3.0e2 -2.56648e3 -2.56648e3
5.0e2 -3.0e2 -2.85332e3 -2.85332e3

-5.0e2 -2.5e2 2.40776e3 2.40776e3
-4.5e2 -2.5e2 2.16875e3 2.16875e3
-4.0e2 -2.5e2 1.92972e3 1.92972e3
-3.5e2 -2.5e2 1.69069e3 1.69069e3
-3.0e2 -2.5e2 1.45166e3 1.45166e3
-2.5e2 -2.5e2 1.21263e3 1.21263e3
-2.0e2 -2.5e2 9.73608e2 9.73608e2
-1.5e2 -2.5e2 7.34581e2 7.34581e2
-1.0e2 -2.5e2 4.95554e2 4.95554e2
-5.0e1 -2.5e2 2.56526e2 2.56526e2
0.0e0 -2.5e2 1.75e1 1.75e1
5.0e1 -2.5e2 -2.21527e2 -2.21527e2
1.0e2 -2.5e2 -4.60555e2 -4.60555e2
1.5e2 -2.5e2 -6.99582e2 -6.99582e2
2.0e2 -2.5e2 -9.3861e2 -9.3861e2
2.5e2 -2.5e2 -1.17763e3 -1.17763e3
3.0e2 -2.5e2 -1.41666e3 -1.41666e3
3.5e2 -2.5e2 -1.65569e3 -1.65569e3
4.0e2 -2.5e2 -1.89471e3 -1.89471e3
4.5e2 -2.5e2 -2.13374e3 -2.13374e3
5.0e2 -2.5e2 -2.37277e3 -2.37277e3

-5.0e2 -2.0e2 1.9322e3 1.9322e3
-4.5e2 -2.0e2 1.741e3 1.741e3
-4.0e2 -2.0e2 1.54977e3 1.54977e3
-3.5e2 -2.0e2 1.35855e3 1.35855e3
-3.0e2 -2.0e2 1.16733e3 1.16733e3
-2.5e2 -2.0e2 9.7611e2 9.7611e2
-2.0e2 -2.0e2 7.84888e2 7.84888e2
-1.5e2 -2.0e2 5.93665e2 5.93665e2
-1.0e2 -2.0e2 4.02443e2 4.02443e2
-5.0e1 -2.0e2 2.11221e2 2.11221e2
0.0e0 -2.0e2 2.0e1 2.0e1
5.0e1 -2.0e2 -1.71222e2 -1.71222e2
1.0e2 -2.0e2 -3.62444e2 -3.62444e2
1.5e2 -2.0e2 -5.53665e2 -5.53665e2
2.0e2 -2.0e2 -7.44887e2 -7.44887e2
2.5e2 -2.0e2 -9.36108e2 -9.36108e2
3.0e2 -2.0e2 -1.12732e3 -1.12732e3
3.5e2 -2.0e2 -1.31854e3 -1.31854e3
4.0e2 -2.0e2 -1.50977e3 -1.50977e3
4.5e2 -2.0e2 -1.70099e3 -1.70099e3
5.0e2 -2.0e2 -1.89221e3 -1.89221e3

-5.0e2 -1.5e2 1.45667e3 1.45667e3
-4.5e2 -1.5e2 1.31325e3 1.31325e3
-4.0e2 -1.5e2 1.16983e3 1.16983e3
-3.5e2 -1.5e2 1.02641e3 1.02641e3
-3.0e2 -1.5e2 8.82999e2 8.82999e2
-2.5e2 -1.5e2 7.39581e2 7.39581e2
-2.0e2 -1.5e2 5.96165e2 5.96165e2
-1.5e2 -1.5e2 4.52748e2 4.52748e2
-1.0e2 -1.5e2 3.09332e2 3.09332e2
-5.0e1 -1.5e2 1.65916e2 1.65916e2
0.0e0 -1.5e2 2.25e1 2.25e1
5.0e1 -1.5e2 -1.20915e2 -1.20915e2
1.0e2 -1.5e2 -2.64333e2 -2.64333e2
1.5e2 -1.5e2 -4.07748e2 -4.07748e2
2.0e2 -1.5e2 -5.51166e2 -5.51166e2
2.5e2 -1.5e2 -6.94582e2 -6.94582e2
3.0e2 -1.5e2 -8.37997e2 -8.37997e2
3.5e2 -1.5e2 -9.81415e2 -9.81415e2
4.0e2 -1.5e2 -1.12483e3 -1.12483e3
4.5e2 -1.5e2 -1.26823e3 -1.26823e3
5.0e2 -1.5e2 -1.41165e3 -1.41165e3

-5.0e2 -1.0e2 9.8111e2 9.8111e2
-4.5e2 -1.0e2 8.85498e2 8.85498e2
-4.0e2 -1.0e2 7.89886e2 7.89886e2
-3.5e2 -1.0e2 6.94276e2 6.94276e2
-3.0e2 -1.0e2 5.98665e2 5.98665e2
-2.5e2 -1.0e2 5.03055e2 5.03055e2
-2.0e2 -1.0e2 4.07443e2 4.07443e2
-1.5e2 -1.0e2 3.11832e2 3.11832e2
-1.0e2 -1.0e2 2.16222e2 2.16222e2
-5.0e1 -1.0e2 1.2061e2 1.2061e2
0.0e0 -1.0e2 2.5e1 2.5e1
5.0e1 -1.0e2 -7.0611e1 -7.0611e1
1.0e2 -1.0e2 -1.66222e2 -1.66222e2
1.5e2 -1.0e2 -2.61832e2 -2.61832e2
2.0e2 -1.0e2 -3.57443e2 -3.57443e2
2.5e2 -1.0e2 -4.53055e2 -4.53055e2
3.0e2 -1.0e2 -5.48665e2 -5.48665e2
3.5e2 -1.0e2 -6.44276e2 -6.44276e2
4.0e2 -1.0e2 -7.39886e2 -7.39886e2
4.5e2 -1.0e2 -8.35498e2 -8.35498e2
5.0e2 -1.0e2 -9.3111e2 -9.3111e2

-5.0e2 -5.0e1 5.05554e2 5.05554e2
-4.5e2 -5.0e1 4.57748e2 4.57748e2
-4.0e2 -5.0e1 4.09943e2 4.09943e2
-3.5e2 -5.0e1 3.62138e2 3.62138e2
-3.0e2 -5.0e1 3.14333e2 3.14333e2
-2.5e2 -5.0e1 2.66527e2 2.66527e2
-2.0e2 -5.0e1 2.18721e2 2.18721e2
-1.5e2 -5.0e1 1.70915e2 1.70915e2
-1.0e2 -5.0e1 1.23111e2 1.23111e2
-5.0e1 -5.0e1 7.53055e1 7.53055e1
0.0e0 -5.0e1 2.75e1 2.75e1
5.0e1 -5.0e1 -2.03055e1 -2.03055e1
1.0e2 -5.0e1 -6.8111e1 -6.8111e1
1.5e2 -5.0e1 -1.15916e2 -1.15916e2
2.0e2 -5.0e1 -1.6372e2 -1.6372e2
2.5e2 -5.0e1 -2.11526e2 -2.11526e2
3.0e2 -5.0e1 -2.59332e2 -2.59332e2
3.5e2 -5.0e1 -3.07138e2 -3.07138e2
4.0e2 -5.0e1 -3.54944e2 -3.54944e2
4.5e2 -5.0e1 -4.02748e2 -4.02748e2
5.0e2 -5.0e1 -4.50554e2 -4.50554e2

-5.0e2 0.0e0 3.0e1 3.0e1
-4.5e2 0.0e0 3.0e1 3.0e1
-4.0e2 0.0e0 3.0e1 3.0e1
-3.5e2 0.0e0 3.0e1 3.0e1
-3.0e2 0.0e0 3.0e1 3.0e1
-2.5e2 0.0e0 3.0e1 3.0e1
-2.0e2 0.0e0 3.0e1 3.0e1
-1.5e2 0.0e0 3.0e1 3.0e1
-1.0e2 0.0e0 3.0e1 3.0e1
-5.0e1 0.0e0 3.0e1 3.0e1
0.0e0 0.0e0 3.0e1 3.0e1
5.0e1 0.0e0 3.0e1 3.0e1
1.0e2 0.0e0 3.0e1 3.0e1
1.5e2 0.0e0 3.0e1 3.0e1
2.0e2 0.0e0 3.0e1 3.0e1
2.5e2 0.0e0 3.0e1 3.0e1
3.0e2 0.0e0 3.0e1 3.0e1
3.5e2 0.0e0 3.0e1 3.0e1
4.0e2 0.0e0 3.0e1 3.0e1
4.5e2 0.0e0 3.0e1 3.0e1
5.0e2 0.0e0 3.0e1 3.0e1

-5.0e2 5.0e1 -4.45554e2 -4.45554e2
-4.5e2 5.0e1 -3.9775e2 -3.9775e2
-4.0e2 5.0e1 -3.49944e2 -3.49944e2
-3.5e2 5.0e1 -3.02138e2 -3.02138e2
-3.0e2 5.0e1 -2.54332e2 -2.54332e2
-2.5e2 5.0e1 -2.06526e2 -2.06526e2
-2.0e2 5.0e1 -1.58722e2 -1.58722e2
-1.5e2 5.0e1 -1.10916e2 -1.10916e2
-1.0e2 5.0e1 -6.3111e1 -6.3111e1
-5.0e1 5.0e1 -1.53055e1 -1.53055e1
0.0e0 5.0e1 3.25e1 3.25e1
5.0e1 5.0e1 8.03055e1 8.03055e1
1.0e2 5.0e1 1.2811e2 1.2811e2
1.5e2 5.0e1 1.75916e2 1.75916e2
2.0e2 5.0e1 2.23721e2 2.23721e2
2.5e2 5.0e1 2.71527e2 2.71527e2
3.0e2 5.0e1 3.19333e2 3.19333e2
3.5e2 5.0e1 3.67137e2 3.67137e2
4.0e2 5.0e1 4.14943e2 4.14943e2
4.5e2 5.0e1 4.62749e2 4.62749e2
5.0e2 5.0e1 5.10555e2 5.10555e2

-5.0e2 1.0e2 -9.21109e2 -9.21109e2
-4.5e2 1.0e2 -8.25497e2 -8.25497e2
-4.0e2 1.0e2 -7.29887e2 -7.29887e2
-3.5e2 1.0e2 -6.34276e2 -6.34276e2
-3.0e2 1.0e2 -5.38666e2 -5.38666e2
-2.5e2 1.0e2 -4.43054e2 -4.43054e2
-2.0e2 1.0e2 -3.47443e2 -3.47443e2
-1.5e2 1.0e2 -2.51833e2 -2.51833e2
-1.0e2 1.0e2 -1.56221e2 -1.56221e2
-5.0e1 1.0e2 -6.0611e1 -6.0611e1
0.0e0 1.0e2 3.5e1 3.5e1
5.0e1 1.0e2 1.3061e2 1.3061e2
1.0e2 1.0e2 2.2622e2 2.2622e2
1.5e2 1.0e2 3.21832e2 3.21832e2
2.0e2 1.0e2 4.17444e2 4.17444e2
2.5e2 1.0e2 5.13054e2 5.13054e2
3.0e2 1.0e2 6.08665e2 6.08665e2
3.5e2 1.0e2 7.04276e2 7.04276e2
4.0e2 1.0e2 7.99887e2 7.99887e2
4.5e2 1.0e2 8.95499e2 8.95499e2
5.0e2 1.0e2 9.91109e2 9.91109e2

-5.0e2 1.5e2 -1.39665e3 -1.39665e3
-4.5e2 1.5e2 -1.25323e3 -1.25323e3
-4.0e2 1.5e2 -1.10982e3 -1.10982e3
-3.5e2 1.5e2 -9.66414e2 -9.66414e2
-3.0e2 1.5e2 -8.22998e2 -8.22998e2
-2.5e2 1.5e2 -6.79582e2 -6.79582e2
-2.0e2 1.5e2 -5.36165e2 -5.36165e2
-1.5e2 1.5e2 -3.92749e2 -3.92749e2
-1.0e2 1.5e2 -2.49332e2 -2.49332e2
-5.0e1 1.5e2 -1.05916e2 -1.05916e2
0.0e0 1.5e2 3.75e1 3.75e1
5.0e1 1.5e2 1.80916e2 1.80916e2
1.0e2 1.5e2 3.24332e2 3.24332e2
1.5e2 1.5e2 4.67749e2 4.67749e2
2.0e2 1.5e2 6.11165e2 6.11165e2
2.5e2 1.5e2 7.54582e2 7.54582e2
3.0e2 1.5e2 8.97998e2 8.97998e2
3.5e2 1.5e2 1.04141e3 1.04141e3
4.0e2 1.5e2 1.18483e3 1.18483e3
4.5e2 1.5e2 1.32825e3 1.32825e3
5.0e2 1.5e2 1.47166e3 1.47166e3

-5.0e2 2.0e2 -1.87221e3 -1.87221e3
-4.5e2 2.0e2 -1.68098e3 -1.68098e3
-4.0e2 2.0e2 -1.48976e3 -1.48976e3
-3.5e2 2.0e2 -1.29855e3 -1.29855e3
-3.0e2 2.0e2 -1.10733e3 -1.10733e3
-2.5e2 2.0e2 -9.16109e2 -9.16109e2
-2.0e2 2.0e2 -7.24887e2 -7.24887e2
-1.5e2 2.0e2 -5.33665e2 -5.33665e2
-1.0e2 2.0e2 -3.42444e2 -3.42444e2
-5.0e1 2.0e2 -1.5122e2 -1.5122e2
0.0e0 2.0e2 4.0e1 4.0e1
5.0e1 2.0e2 2.31221e2 2.31221e2
1.0e2 2.0e2 4.22443e2 4.22443e2
1.5e2 2.0e2 6.13666e2 6.13666e2
2.0e2 2.0e2 8.04887e2 8.04887e2
2.5e2 2.0e2 9.96109e2 9.96109e2
3.0e2 2.0e2 1.18733e3 1.18733e3
3.5e2 2.0e2 1.37854e3 1.37854e3
4.0e2 2.0e2 1.56976e3 1.56976e3
4.5e2 2.0e2 1.76099e3 1.76099e3
5.0e2 2.0e2 1.95221e3 1.95221e3

-5.0e2 2.5e2 -2.34776e3 -2.34776e3
-4.5e2 2.5e2 -2.10873e3 -2.10873e3
-4.0e2 2.5e2 -1.8697e3 -1.8697e3
-3.5e2 2.5e2 -1.63069e3 -1.63069e3
-3.0e2 2.5e2 -1.39166e3 -1.39166e3
-2.5e2 2.5e2 -1.15263e3 -1.15263e3
-2.0e2 2.5e2 -9.1361e2 -9.1361e2
-1.5e2 2.5e2 -6.74582e2 -6.74582e2
-1.0e2 2.5e2 -4.35555e2 -4.35555e2
-5.0e1 2.5e2 -1.96527e2 -1.96527e2
0.0e0 2.5e2 4.25e1 4.25e1
5.0e1 2.5e2 2.81526e2 2.81526e2
1.0e2 2.5e2 5.20554e2 5.20554e2
1.5e2 2.5e2 7.59581e2 7.59581e2
2.0e2 2.5e2 9.98608e2 9.98608e2
2.5e2 2.5e2 1.23763e3 1.23763e3
3.0e2 2.5e2 1.47665e3 1.47665e3
3.5e2 2.5e2 1.71568e3 1.71568e3
4.0e2 2.5e2 1.95471e3 1.95471e3
4.5e2 2.5e2 2.19374e3 2.19374e3
5.0e2 2.5e2 2.43277e3 2.43277e3

-5.0e2 3.0e2 -2.82332e3 -2.82332e3
-4.5e2 3.0e2 -2.53648e3 -2.53648e3
-4.0e2 3.0e2 -2.24965e3 -2.24965e3
-3.5e2 3.0e2 -1.96283e3 -1.96283e3
-3.0e2 3.0e2 -1.676e3 -1.676e3
-2.5e2 3.0e2 -1.38916e3 -1.38916e3
-2.0e2 3.0e2 -1.10233e3 -1.10233e3
-1.5e2 3.0e2 -8.15498e2 -8.15498e2
-1.0e2 3.0e2 -5.28665e2 -5.28665e2
-5.0e1 3.0e2 -2.41832e2 -2.41832e2
0.0e0 3.0e2 4.5e1 4.5e1
5.0e1 3.0e2 3.31833e2 3.31833e2
1.0e2 3.0e2 6.18665e2 6.18665e2
1.5e2 3.0e2 9.05498e2 9.05498e2
2.0e2 3.0e2 1.19232e3 1.19232e3
2.5e2 3.0e2 1.47916e3 1.47916e3
3.0e2 3.0e2 1.76599e3 1.76599e3
3.5e2 3.0e2 2.05283e3 2.05283e3
4.0e2 3.0e2 2.33966e3 2.33966e3
4.5e2 3.0e2 2.6265e3 2.6265e3
5.0e2 3.0e2 2.91331e3 2.91331e3

-5.0e2 3.5e2 -3.29887e3 -3.29887e3
-4.5e2 3.5e2 -2.96423e3 -2.96423e3
-4.0e2 3.5e2 -2.6296e3 -2.6296e3
-3.5e2 3.5e2 -2.29497e3 -2.29497e3
-3.0e2 3.5e2 -1.96033e3 -1.96033e3
-2.5e2 3.5e2 -1.62569e3 -1.62569e3
-2.0e2 3.5e2 -1.29105e3 -1.29105e3
-1.5e2 3.5e2 -9.56415e2 -9.56415e2
-1.0e2 3.5e2 -6.21776e2 -6.21776e2
-5.0e1 3.5e2 -2.87138e2 -2.87138e2
0.0e0 3.5e2 4.75e1 4.75e1
5.0e1 3.5e2 3.82138e2 3.82138e2
1.0e2 3.5e2 7.16776e2 7.16776e2
1.5e2 3.5e2 1.0514e3 1.0514e3
2.0e2 3.5e2 1.38605e3 1.38605e3
2.5e2 3.5e2 1.72069e3 1.72069e3
3.0e2 3.5e2 2.05533e3 2.05533e3
3.5e2 3.5e2 2.38997e3 2.38997e3
4.0e2 3.5e2 2.7246e3 2.7246e3
4.5e2 3.5e2 3.05923e3 3.05923e3
5.0e2 3.5e2 3.39388e3 3.39388e3

-5.0e2 4.0e2 -3.77443e3 -3.77443e3
-4.5e2 4.0e2 -3.39198e3 -3.39198e3
-4.0e2 4.0e2 -3.00954e3 -3.00954e3
-3.5e2 4.0e2 -2.6271e3 -2.6271e3
-3.0e2 4.0e2 -2.24466e3 -2.24466e3
-2.5e2 4.0e2 -1.86221e3 -1.86221e3
-2.0e2 4.0e2 -1.47977e3 -1.47977e3
-1.5e2 4.0e2 -1.09732e3 -1.09732e3
-1.0e2 4.0e2 -7.14886e2 -7.14886e2
-5.0e1 4.0e2 -3.32443e2 -3.32443e2
0.0e0 4.0e2 5.0e1 5.0e1
5.0e1 4.0e2 4.32443e2 4.32443e2
1.0e2 4.0e2 8.14886e2 8.14886e2
1.5e2 4.0e2 1.19733e3 1.19733e3
2.0e2 4.0e2 1.57977e3 1.57977e3
2.5e2 4.0e2 1.96222e3 1.96222e3
3.0e2 4.0e2 2.34465e3 2.34465e3
3.5e2 4.0e2 2.7271e3 2.7271e3
4.0e2 4.0e2 3.10954e3 3.10954e3
4.5e2 4.0e2 3.49199e3 3.49199e3
5.0e2 4.0e2 3.87444e3 3.87444e3

-5.0e2 4.5e2 -4.24998e3 -4.24998e3
-4.5e2 4.5e2 -3.81973e3 -3.81973e3
-4.0e2 4.5e2 -3.38948e3 -3.38948e3
-3.5e2 4.5e2 -2.95924e3 -2.95924e3
-3.0e2 4.5e2 -2.52899e3 -2.52899e3
-2.5e2 4.5e2 -2.09874e3 -2.09874e3
-2.0e2 4.5e2 -1.66849e3 -1.66849e3
-1.5e2 4.5e2 -1.23824e3 -1.23824e3
-1.0e2 4.5e2 -8.07999e2 -8.07999e2
-5.0e1 4.5e2 -3.77748e2 -3.77748e2
0.0e0 4.5e2 5.25e1 5.25e1
5.0e1 4.5e2 4.82748e2 4.82748e2
1.0e2 4.5e2 9.12997e2 9.12997e2
1.5e2 4.5e2 1.34325e3 1.34325e3
2.0e2 4.5e2 1.77348e3 1.77348e3
2.5e2 4.5e2 2.20374e3 2.20374e3
3.0e2 4.5e2 2.63399e3 2.63399e3
3.5e2 4.5e2 3.06424e3 3.06424e3
4.0e2 4.5e2 3.49449e3 3.49449e3
4.5e2 4.5e2 3.92474e3 3.92474e3
5.0e2 4.5e2 4.35498e3 4.35498e3

-5.0e2 5.0e2 -4.72554e3 -4.72554e3
-4.5e2 5.0e2 -4.24748e3 -4.24748e3
-4.0e2 5.0e2 -3.76942e3 -3.76942e3
-3.5e2 5.0e2 -3.29138e3 -3.29138e3
-3.0e2 5.0e2 -2.81332e3 -2.81332e3
-2.5e2 5.0e2 -2.33527e3 -2.33527e3
-2.0e2 5.0e2 -1.85721e3 -1.85721e3
-1.5e2 5.0e2 -1.37915e3 -1.37915e3
-1.0e2 5.0e2 -9.0111e2 -9.0111e2
-5.0e1 5.0e2 -4.23055e2 -4.23055e2
0.0e0 5.0e2 5.5e1 5.5e1
5.0e1 5.0e2 5.33054e2 5.33054e2
1.0e2 5.0e2 1.01111e3 1.01111e3
1.5e2 5.0e2 1.48915e3 1.48915e3
2.0e2 5.0e2 1.96721e3 1.96721e3
2.5e2 5.0e2 2.44527e3 2.44527e3
3.0e2 5.0e2 2.92332e3 2.92332e3
3.5e2 5.0e2 3.40138e3 3.40138e3
4.0e2 5.0e2 3.87943e3 3.87943e3
4.5e2 5.0e2 4.35748e3 4.35748e3
5.0e2 5.0e2 4.83554e3 4.83554e3
