S	v1	v2	v3	v4	v5	v6	v7	v8
0.05	2.26	1.29	0.004	0.004	0.004	0.003	1.77	2.98
0.10	5.48	3.33	0.008	0.007	0.007	0.006	5.20	5.20
0.25	13.40	11.80	0.020	0.020	0.016	0.017	15.04	14.38
0.50	24.70	22.80	0.035	0.035	0.032	0.031	28.31	30.30
1.00	40.90	35.20	0.060	0.056	0.050	0.048	50.98	48.99
2.50	62.30	39.90	0.110	0.104	0.090	0.101	75.42	86.25
5.00	94.30	73.50	0.138	0.138	0.115	0.121	112.68	112.57
8.00	105.00	12.90	0.154	0.150	0.119	0.139	126.06	136.24
20.00	133.00	112.00	0.179	0.179	0.142	0.152	154.93	169.97
30.00	144.00	120.00	0.200	0.200	0.166	0.181	168.75	177.71
